0 0.247489 0.518797 0.172275 0.176692
0 0.361542 0.666353 0.122826 0.125940
0 0.596028 0.603383 0.074972 0.086466
0 0.798611 0.779135 0.119636 0.140977
0 0.893522 0.500940 0.057425 0.092105
4 0.769101 0.369361 0.098899 0.140977
0 0.932603 0.321429 0.074972 0.097744
0 0.550566 0.339286 0.169085 0.182331
0 0.365529 0.340226 0.063806 0.105263
0 0.252274 0.283835 0.089328 0.097744
0 0.083189 0.269737 0.098899 0.099624
0 0.167732 0.209586 0.089328 0.088346
0 0.346388 0.188910 0.102089 0.118421
0 0.945364 0.163534 0.078162 0.120301
0 0.731615 0.069549 0.065401 0.120301