4 0.327246 0.175752 0.159514 0.118421
4 0.753947 0.358083 0.103684 0.125940
0 0.723639 0.051692 0.074972 0.103383
0 0.931805 0.161654 0.076567 0.124060
0 0.962910 0.063910 0.068591 0.101504
0 0.867999 0.483083 0.089328 0.120301
0 0.770696 0.730263 0.130802 0.103383
0 0.365529 0.632519 0.114850 0.107143
0 0.251477 0.497180 0.196203 0.152256
0 0.089570 0.267857 0.149943 0.107143
0 0.210801 0.074248 0.092518 0.092105
0 0.086379 0.093985 0.130802 0.086466
0 0.587254 0.579887 0.137182 0.077068
0 0.253072 0.801692 0.097304 0.114662